 20322
 20308
  5011
 20315
 15234
 10477
 20388
 15364
 17993
 17991
 10573
  2772
  2781
 11140
 10773
  5072
 10403
 10531
 10567
 10513
 10334
 18009
 10525
 18006
 10502
  2791
 17999
 10498
 17986
  2794
 17955
  5285
  2734
  2720
 17957
  2736
  5193
 10373
 10424
 10417
 19038
 18547
  2679
 12714
  5211
 15432
 15445
 15447
   165
     5
    58
  5319
  5343
 15455
  5350
     3
    53
 11628
  5240
   108
  5236
  7581
  6451
  6446
   168
  5252
  3485
   940
   680
  5328
    94
 15993
  5332
  5220
  5293
 15437
  5145
 15403
  7574
  5157
 15389
  7572
 15390
  6436
   909
  6814
  5370
 16001
  6710
 15476
  6893
 16288
   959
 16151
  6819
 16152
  6862
  6756
  6902
  6908
 16351
  1185
  6957
 16461
  7543
  7549
  6959
  8853
  1999
  8846
  8848
  8875
  8855
  7559
  1948
  1422
  1950
  7568
  1052
  7078
  1203
 16296
 16292
  7152
  7241
  7184
  7219
  1219
  1230
  8889
  7147
  1233
  7679
 17311
 17127
  8717
  1206
 16951
  8886
 17229
  8851
  9015
 16285
  1034
  7633
  6783
  9018
 16495
  9131
 17290
 16490
 17219
  1506
  2012
 17218
  5379
  1481
  1479
  7622
  1489
 16507
  7594
  1487
 17194
   118
  6749
  1494
  6782
 15425
  5260
    73
 16361
  5401
   127
  5787
  5994
  5386
  5392
 15439
 17834
 17768
 17761
 17754
  2514
 10177
 10308
   155
  5960
  5594
 10218
   319
  5815
    15
  6249
  6368
   634
  5821
 15710
  5831
  5843
  5525
   240
   402
 15741
  6283
  5492
 17873
 17841
  6067
  6058
 10204
  5497
   493
 15952
  6079
   277
  6345
  5973
  6158
 15620
  5982
   480
  6357
 15909
  5638
 15722
  5574
 15576
  5690
   394
  6354
   592
  6297
  5644
  5698
  6309
   257
  5700
  6006
  5543
 15596
 15685
  5536
 15592
 15849
 15540
  6187
  5629
 15853
 15783
 15760
   487
  6093
   515
   218
   486
   219
 15704
   315
 15548
 15803
   460
 15802
 15561
 15632
  6128
  5776
  6103
   458
 15836
 15626
   301
 15872
  6162
  5421
 15500
  5208
 15510
  5276
  5168
 15508
 10281
 15507
  5502
  2459
 15373
  5166
   812
  6424
 16023
  5504
  6476
 15533
    24
 16050
 16002
  6777
  6722
  6472
   827
  6537
  9049
  6697
  2698
  9106
  3372
 10692
  9046
  9047
  2022
 17252
  9030
  9075
   874
  9088
   823
 17262
  9043
  2027
 17285
   803
  6675
 17283
   949
 17024
  6670
   898
  6641
  6636
   873
 16095
  6622
   903
  6624
  9059
  9057
  2018
 19806
 16068
   904
   665
  6621
 14160
   877
 16091
  6586
  6707
  6648
  3449
  6655
  6620
  6609
   847
  6551
   858
  6626
  6589
   676
   804
  6574
  6694
 11832
 11762
 16012
  6470
   862
 16743
 18622
 18645
  3448
 14158
  3419
 14149
 19808
  3420
 11799
 18604
 11800
 14148
 11654
 10685
 15338
 10683
  5115
  3418
  2712
 15260
 11801
 11817
  4567
 19789
  3422
 18662
  3416
  3403
 11752
   673
 11782
  6582
   669
 11760
  6460
  3407
   776
 16650
 11642
  7911
 19204
  3321
  7917
 18566
 19297
 11802
  4055
 11650
 11795
 11681
 11815
  3392
 11846
 11847
 14144
 14173
 11653
 10327
  2651
 10325
 18064
 11240
 15259
  3376
 19816
 14134
  3357
 10352
 18061
 10356
 10459
  3389
 18054
  4571
  3348
 14205
 11606
 19839
 11886
  2699
 18915
 12726
 18556
 18688
  4029
 11942
 10390
 19837
 19578
  3494
 17979
 10604
  2739
  3283
 11340
 10562
  2753
  2927
 18365
 10559
 10584
 18180
 11320
 18390
 11288
 11177
  3086
 10544
 10552
 10989
 10991
 17943
 17944
 10344
 19029
 11618
 11619
 11972
  3291
 18718
 11874
  4026
 12761
 12736
 18703
  3504
 18840
 12745
  4034
 18842
 12136
  3632
 12292
 18839
 19689
 13974
 14071
  3992
  3998
 19706
 12120
 13948
 11983
 11959
 18706
 12027
 12132
 11923
 12065
  3590
 12681
 19695
 12669
 13960
 19018
 18905
 12693
 13990
 12317
  3764
  4542
 12076
  3750
 12688
 13939
  4421
 12656
  3966
 19865
 19681
  4014
 19010
  3736
 12815
 12310
 12294
 13816
  4476
 13916
 12449
  7269
  7305
   699
  8715
 12216
  7058
   697
 12620
  7481
  1931
  3943
   704
  1398
  8814
 18988
  7485
   682
 13793
 12613
 13918
  7475
  1375
  8819
  3917
  3866
  3885
 13800
 12629
 19329
 18957
 19004
   695
  1372
   686
 12594
  1321
  7455
 12521
  6885
 12510
 18939
 18925
   691
 19901
 16371
 14317
  7364
 17347
  7378
 16775
 16385
  1323
  7489
  7399
  8698
  7417
 16450
  7369
  7358
  7331
  8161
  8160
  7355
  7495
  8158
 16190
  1019
  2052
  1035
 17355
  8162
   985
  8157
  9270
  7317
 16173
  7333
  1765
  1070
  7348
  1272
   703
 12473
 12511
  3817
   694
 12502
  7339
  1149
  1148
 16780
  1770
  1059
 16267
 13279
 13277
 12499
  3854
 13275
 13268
  3580
 13278
 12632
 12472
 12480
 13273
  3587
 18738
  4310
 12635
 14364
 12463
 12005
  3615
 19334
  4315
 12481
 18821
  3604
  3694
  3693
   701
 12192
  3520
 12439
  3521
 18826
 18817
 12231
  3825
 19483
 19475
 12088
 12085
 18911
  3527
 19314
 12246
 18891
 12000
 12793
 14328
 12094
  4601
 18898
  7287
 12796
 14352
 19936
 19942
 12018
   689
   976
   975
  7031
  7298
  7093
 16263
  7069
  1280
  7074
 16337
  6919
   982
 16357
  6923
   687
   688
  9267
  7312
 16921
 14361
 18722
 16929
  7086
  6839
 16522
  9230
  6932
 16520
  7656
  9257
 17382
 17388
  6856
 17384
 16168
  2078
  6990
  7315
 12459
   735
  4620
 17381
 17386
  7021
  7020
 16175
  7025
 16753
 16139
  1137
 16250
 16142
 17364
 16233
  7048
  8686
  6950
  6771
  7052
   848
 16041
  6519
  6541
   786
  6653
  8706
 17031
  6523
  1671
  6534
 17370
 16019
  1589
  8042
  7809
  1585
  1627
  7906
  1512
  7815
  7760
  1516
  7759
 16597
  7939
  8024
 16600
 16609
  1722
  1711
  8058
  8041
  1707
  8039
  1708
 16703
 16698
  8074
  8014
  7870
   711
 12894
 13161
 19257
  8077
 13145
 12900
 13184
 13163
  4163
  4253
  4061
 13037
 13185
 19163
  4252
  3682
  4057
  4160
 13166
 12189
  4058
 19152
  4256
 13169
 19935
 13070
 19307
 19940
 12184
  4216
 12183
 18693
 19266
 12909
 12964
 12943
 18729
 19918
 11670
 18586
 18573
  3474
 18804
 19924
 11711
 18591
 11720
 18595
  3358
  3393
 11938
 12111
 18787
  3624
 13788
 12211
 12547
  4470
  3893
 19815
 19585
 13806
 13766
 19587
 19584
 12260
  3705
 12573
 18777
 12277
  3656
 12149
 12177
 12262
  3648
 12747
 12273
 12180
 12767
  3721
  4039
 14119
 14121
  3788
 12382
 12341
 18881
 12356
 12409
 18874
 13640
 12398
 12396
 18866
  4427
 13603
  4388
 13686
 14082
 14028
 19543
 13687
 19536
 13596
 14020
  4412
 19773
  4051
  3766
 19748
 19735
 14054
 13653
 12361
 12326
  4513
 13579
 12336
 12282
 12386
 12333
 18831
  3814
  3794
  3757
 12167
  3811
  3793
 18790
 18964
 12774
 18860
 12392
 12558
 12579
 19978
  4530
 19975
 13929
 19637
 14296
 20427
 10675
 15357
 11248
 18456
 18438
 10678
 18329
 18332
 11153
  2903
  3244
  2641
 11549
 18174
 11521
 11210
  3106
 11539
 11476
 18131
 10834
 10754
  3020
 18130
 18270
 18492
 11493
 10826
 11506
 10877
  3141
 11273
 18337
 11372
 18150
 18219
 11195
  3043
 10863
  3165
  2974
  2883
 18356
 18187
 11307
 11491
 11088
 11187
  2920
 10739
 10741
 10730
 18258
  2845
 10709
  3113
  3112
 18403
  2844
 18314
 11092
 18094
 10717
 18295
 11022
 11015
 18202
  2866
 18264
  8704
 17033
 17030
 16223
 16225
  6988
  7013
  7019
  1128
  7104
 17046
  7115
  8949
  7102
  8944
 17192
  1215
  1967
 16277
  1111
  1160
  7008
 16325
  1216
 16302
  7165
  7012
  7391
  8739
  8930
  1348
  8672
  8640
 17121
  8771
  8746
  9272
  1350
  7389
  9195
  1867
  1241
  8605
 16989
  1352
  7216
  7229
 16331
 16988
  8531
  8536
  1897
  8487
  8492
  7251
  7235
  1261
  1265
  7231
  7255
  1258
  7256
  1906
 16941
  9007
  9006
